W170 25
58 2743 1507 1217 790 394 197 79 60 66 92 115 154 240 287 342 458 539 661 929 1078 1783 2096 2329 2534 
2963 5874 5310 5103 4733 4238 3812 3278 3059 3153 3382 3503 3665 3940 4046 4150 4339 4450 4593 4868 4994 5483 5639 5736 5811 
W150 29
694 3074 723 817 899 994 1170 1405 1720 1979 2425 2743 941 919 949 1078 1294 2154 2297 2921 2997 865 838 789 763 741 709 697 702 
2964 5872 3363 3812 4046 4240 4516 4802 5100 5309 5599 5750 4138 4092 4154 4384 4674 5436 5528 5822 5849 3964 3886 3702 3588 3481 3243 3069 3156 
W120 23
1651 3583 3043 2697 2192 1903 1743 1663 1653 1657 1676 1709 1777 1817 1976 2101 1856 2286 2484 2907 3187 3356 3471 
2963 5872 5590 5312 4752 4259 3778 3239 3055 3159 3383 3601 3919 4046 4410 4616 4150 4876 5100 5493 5679 5771 5827 
W90 24
2607 4094 3637 3255 2832 2730 2624 2608 2611 2616 2645 2682 2786 2754 2703 2892 3014 3109 3412 3505 3572 3761 3891 3979 
2963 5872 5553 5109 4344 4026 3350 3036 3121 3227 3548 3803 4215 4114 3914 4489 4734 4896 5311 5419 5490 5658 5752 5809 
W60 17
3564 4603 4266 3982 3748 3626 3574 3566 3570 3588 3599 3610 3678 3838 3898 4392 4492 
2963 5871 5528 5039 4441 3881 3316 3122 3221 3526 3645 3750 4168 4705 4858 5680 5780 
W30 14
4520 5115 4867 4685 4580 4537 4523 4530 4549 4606 4974 5043 4912 4760 
2963 5872 5384 4743 4123 3576 3185 3428 3787 4317 5643 5767 5505 5041 
C0 9
5476 5625 5541 5502 5490 5480 5517 5603 5557 
2963 5870 5103 4411 4049 3503 4737 5738 5310 
E30 11
6433 6136 6283 6379 6420 6430 6425 6404 6347 6172 6236 
2963 5871 5242 4453 3746 3285 3567 4093 4779 5767 5512 
E60 13
7390 6646 7065 7233 7326 7377 7387 7383 7292 7155 6838 6742 6969 
2964 5872 5112 4549 4046 3442 3172 3305 4263 4845 5618 5761 5355 
E90 16
8346 7157 7703 8040 8225 8310 8344 8328 8338 8285 8160 8095 7879 7250 7422 7597 
2964 5872 5311 4690 4130 3608 3100 3417 3260 3814 4368 4550 5020 5809 5659 5463 
E120 18
9303 7668 8418 8886 9121 9250 9293 9273 9213 9050 8769 7850 8003 8240 8330 8624 8999 9281 
2963 5872 5311 4682 4173 3625 3233 3461 3843 4359 4871 5777 5679 5493 5405 5067 4471 3387 
E150 19
10260 8180 9103 9648 10019 10142 10231 10253 10242 10181 10073 9947 9870 9781 9506 9341 8356 8590 8878 
2964 5872 5337 4788 4194 3853 3392 3141 3290 3679 4066 4342 4476 4607 4952 5121 5802 5687 5513 
E180 21
11216 8693 9555 10141 10629 10917 11089 11178 11208 11197 11125 11033 10806 10700 10460 10321 9930 9778 9350 9152 8922 
2963 5871 5504 5089 4615 4206 3800 3413 3144 3268 3664 3968 4388 4528 4802 4934 5251 5360 5613 5703 5796 
E190 18
11531 8849 9712 10374 10922 11230 11397 11489 11522 11529 11508 11464 11342 11131 10715 10082 9324 9044 
2964 5872 5534 5101 4600 4178 3798 3422 3156 3051 3300 3548 3956 4339 4817 5312 5711 5815 
